



			TESTING ARRAY NUMBER: 1 (n =  36 )

=================
Enumeration:
=================
[1, 2, 4, -1, 4, -10, 4, -19, 18, -1, -3, -4, 11, 3, -20, 19, -33, 50, 66, -22, -4, -55, 91, 100, -102, 9, 10, 19, -10, 10, 11, 11, -10, -18, 50, 90]
[50, 66, -22, -4, -55, 91, 100, -102, 9, 10, 19, -10, 10, 11, 11, -10, -18, 50, 90]
Max:  296
0.000832080841064 microseconds

=================
Better Enumeration:
=================
[1, 2, 4, -1, 4, -10, 4, -19, 18, -1, -3, -4, 11, 3, -20, 19, -33, 50, 66, -22, -4, -55, 91, 100, -102, 9, 10, 19, -10, 10, 11, 11, -10, -18, 50, 90]
[50, 66, -22, -4, -55, 91, 100, -102, 9, 10, 19, -10, 10, 11, 11, -10, -18, 50, 90]
Max:  296
5.00679016113e-05 microseconds

=================
Linear Time:
=================
[1, 2, 4, -1, 4, -10, 4, -19, 18, -1, -3, -4, 11, 3, -20, 19, -33, 50, 66, -22, -4, -55, 91, 100, -102, 9, 10, 19, -10, 10, 11, 11, -10, -18, 50, 90]
[50, 66, -22, -4, -55, 91, 100, -102, 9, 10, 19, -10, 10, 11, 11, -10, -18, 50, 90]
Max:  296
4.05311584473e-06 microseconds

=================
Divide and Conquer:
=================
[1, 2, 4, -1, 4, -10, 4, -19, 18, -1, -3, -4, 11, 3, -20, 19, -33, 50, 66, -22, -4, -55, 91, 100, -102, 9, 10, 19, -10, 10, 11, 11, -10, -18, 50, 90]
[50, 66, -22, -4, -55, 91, 100, -102, 9, 10, 19, -10, 10, 11, 11, -10, -18, 50, 90]
Max:  296
6.41345977783e-05 microseconds




			TESTING ARRAY NUMBER: 2 (n =  22 )

=================
Enumeration:
=================
[12, 12, 14, -88, -1, 45, 6, 8, -33, 2, 8, -9, -33, -8, -23, -77, -89, 1, 9, 10, 92, 87]
[1, 9, 10, 92, 87]
Max:  199
0.000289916992188 microseconds

=================
Better Enumeration:
=================
[12, 12, 14, -88, -1, 45, 6, 8, -33, 2, 8, -9, -33, -8, -23, -77, -89, 1, 9, 10, 92, 87]
[1, 9, 10, 92, 87]
Max:  199
2.59876251221e-05 microseconds

=================
Linear Time:
=================
[12, 12, 14, -88, -1, 45, 6, 8, -33, 2, 8, -9, -33, -8, -23, -77, -89, 1, 9, 10, 92, 87]
[1, 9, 10, 92, 87]
Max:  199
3.81469726562e-06 microseconds

=================
Divide and Conquer:
=================
[12, 12, 14, -88, -1, 45, 6, 8, -33, 2, 8, -9, -33, -8, -23, -77, -89, 1, 9, 10, 92, 87]
[1, 9, 10, 92, 87]
Max:  199
4.29153442383e-05 microseconds




			TESTING ARRAY NUMBER: 3 (n =  21 )

=================
Enumeration:
=================
[565, 78, 33, 9, 10, 84, 71, -4, -22, -55, -10, 76, -9, -9, -11, 76, 89, 11, 10, -33, 9]
[565, 78, 33, 9, 10, 84, 71, -4, -22, -55, -10, 76, -9, -9, -11, 76, 89, 11, 10]
Max:  992
0.000231981277466 microseconds

=================
Better Enumeration:
=================
[565, 78, 33, 9, 10, 84, 71, -4, -22, -55, -10, 76, -9, -9, -11, 76, 89, 11, 10, -33, 9]
[565, 78, 33, 9, 10, 84, 71, -4, -22, -55, -10, 76, -9, -9, -11, 76, 89, 11, 10]
Max:  992
2.21729278564e-05 microseconds

=================
Linear Time:
=================
[565, 78, 33, 9, 10, 84, 71, -4, -22, -55, -10, 76, -9, -9, -11, 76, 89, 11, 10, -33, 9]
[565, 78, 33, 9, 10, 84, 71, -4, -22, -55, -10, 76, -9, -9, -11, 76, 89, 11, 10]
Max:  992
4.05311584473e-06 microseconds

=================
Divide and Conquer:
=================
[565, 78, 33, 9, 10, 84, 71, -4, -22, -55, -10, 76, -9, -9, -11, 76, 89, 11, 10, -33, 9]
[565, 78, 33, 9, 10, 84, 71, -4, -22, -55, -10, 76, -9, -9, -11, 76, 89, 11, 10]
Max:  992
3.69548797607e-05 microseconds




			TESTING ARRAY NUMBER: 4 (n =  31 )

=================
Enumeration:
=================
[2, 3, 3, 3, 3, 3, 3, 3, 3, 3, 3, 3, 3, 3, 3, 3, 3, 3, 3, 3, 3, 3, 3, 3, 3, 3, 3, 3, 3, 3, 3]
[2, 3, 3, 3, 3, 3, 3, 3, 3, 3, 3, 3, 3, 3, 3, 3, 3, 3, 3, 3, 3, 3, 3, 3, 3, 3, 3, 3, 3, 3, 3]
Max:  92
0.000566005706787 microseconds

=================
Better Enumeration:
=================
[2, 3, 3, 3, 3, 3, 3, 3, 3, 3, 3, 3, 3, 3, 3, 3, 3, 3, 3, 3, 3, 3, 3, 3, 3, 3, 3, 3, 3, 3, 3]
[2, 3, 3, 3, 3, 3, 3, 3, 3, 3, 3, 3, 3, 3, 3, 3, 3, 3, 3, 3, 3, 3, 3, 3, 3, 3, 3, 3, 3, 3, 3]
Max:  92
3.79085540771e-05 microseconds

=================
Linear Time:
=================
[2, 3, 3, 3, 3, 3, 3, 3, 3, 3, 3, 3, 3, 3, 3, 3, 3, 3, 3, 3, 3, 3, 3, 3, 3, 3, 3, 3, 3, 3, 3]
[2, 3, 3, 3, 3, 3, 3, 3, 3, 3, 3, 3, 3, 3, 3, 3, 3, 3, 3, 3, 3, 3, 3, 3, 3, 3, 3, 3, 3, 3, 3]
Max:  92
5.00679016113e-06 microseconds

=================
Divide and Conquer:
=================
[2, 3, 3, 3, 3, 3, 3, 3, 3, 3, 3, 3, 3, 3, 3, 3, 3, 3, 3, 3, 3, 3, 3, 3, 3, 3, 3, 3, 3, 3, 3]
[2, 3, 3, 3, 3, 3, 3, 3, 3, 3, 3, 3, 3, 3, 3, 3, 3, 3, 3, 3, 3, 3, 3, 3, 3, 3, 3, 3, 3, 3, 3]
Max:  92
5.29289245605e-05 microseconds




			TESTING ARRAY NUMBER: 5 (n =  1 )

=================
Enumeration:
=================
[2]
[2]
Max:  2
2.86102294922e-06 microseconds

=================
Better Enumeration:
=================
[2]
[2]
Max:  2
1.90734863281e-06 microseconds

=================
Linear Time:
=================
[2]
[2]
Max:  2
1.90734863281e-06 microseconds

=================
Divide and Conquer:
=================
[2]
[2]
Max:  2
0.0 microseconds




			TESTING ARRAY NUMBER: 6 (n =  17 )

=================
Enumeration:
=================
[-1, -1, -1, -1, -1, -100, -10, -10, 100, 100, 100, 100, -100, 100, 10, -10, -1]
[100, 100, 100, 100, -100, 100, 10]
Max:  410
0.000146865844727 microseconds

=================
Better Enumeration:
=================
[-1, -1, -1, -1, -1, -100, -10, -10, 100, 100, 100, 100, -100, 100, 10, -10, -1]
[100, 100, 100, 100, -100, 100, 10]
Max:  410
1.69277191162e-05 microseconds

=================
Linear Time:
=================
[-1, -1, -1, -1, -1, -100, -10, -10, 100, 100, 100, 100, -100, 100, 10, -10, -1]
[100, 100, 100, 100, -100, 100, 10]
Max:  410
2.86102294922e-06 microseconds

=================
Divide and Conquer:
=================
[-1, -1, -1, -1, -1, -100, -10, -10, 100, 100, 100, 100, -100, 100, 10, -10, -1]
[100, 100, 100, 100, -100, 100, 10]
Max:  410
3.00407409668e-05 microseconds




			TESTING ARRAY NUMBER: 7 (n =  29 )

=================
Enumeration:
=================
[12, 23, 44, -17, 12, 14, -88, -1, 45, 6, 8, -33, 2, 8, -9, -33, -8, -23, -77, -89, 1, 9, 13, -25, 10, 92, 57, 99, -22]
[10, 92, 57, 99]
Max:  258
0.000728130340576 microseconds

=================
Better Enumeration:
=================
[12, 23, 44, -17, 12, 14, -88, -1, 45, 6, 8, -33, 2, 8, -9, -33, -8, -23, -77, -89, 1, 9, 13, -25, 10, 92, 57, 99, -22]
[10, 92, 57, 99]
Max:  258
4.6968460083e-05 microseconds

=================
Linear Time:
=================
[12, 23, 44, -17, 12, 14, -88, -1, 45, 6, 8, -33, 2, 8, -9, -33, -8, -23, -77, -89, 1, 9, 13, -25, 10, 92, 57, 99, -22]
[10, 92, 57, 99]
Max:  258
5.96046447754e-06 microseconds

=================
Divide and Conquer:
=================
[12, 23, 44, -17, 12, 14, -88, -1, 45, 6, 8, -33, 2, 8, -9, -33, -8, -23, -77, -89, 1, 9, 13, -25, 10, 92, 57, 99, -22]
[10, 92, 57, 99]
Max:  258
6.60419464111e-05 microseconds
